MAPE=21.534215536798527
RMSE=434.12981764839486
MAE=279.68142857142857
