MAPE= 21.008154382419942
RMSE= 419.23711667742396
MAE= 269.7257142857143
