testFileName=trajTest_15_20.pickle
MAPE=16.23631194054596
RMSE=475.24513125608
MAE=336.19565217391306
