testFileName=trajTest_20_25.pickle
MAPE=14.456245432041129
RMSE=324.3918926237214
MAE=269.1
