testFileName=trajTest_5_10.pickle
MAPE=23.28993567024578
RMSE=458.10189107260663
MAE=279.6030341340076
