testFileName=trajTest_5.pickle
MAPE=27.604277532500955
RMSE=297.5129346914598
MAE=199.248322147651
