testFileName=trajTest_10_15.pickle
MAPE=16.676068364079523
RMSE=418.230970740288
MAE=298.69602272727275
