testFileName=trajTest_25_30.pickle
MAPE=17.374344500709498
RMSE=459.7782074000463
MAE=323.0
