1 2 3 4 5 6 7 8 9 10 testFileName= trajTest_20_25.pickle
MAPE= 13.02809870951828
RMSE= 291.004639138279
MAE= 237.3
